chrom	seg	num.mark	nhet	cnlr.median	mafR	segclust	cnlr.median.clust	mafR.clust	start	end	cf.em	tcn.em	lcn.em
1	1	11365	225	0.610138146755826	0.499809270242665	22	0.58962889296092	0.499809270242665	13160	33375609	0.441637645242661	5	2
1	2	43141	2764	-0.482607634224418	0.26000435485804	3	-0.482607634224418	0.26000435485804	33479275	248937000	0.441637645242661	1	0
2	3	36538	2671	-0.0756514766392613	-0.0054777814519351	9	-0.0696101805103734	-0.00646754756222939	14300	237257675	1	2	1
2	4	119	4	0.563148681276277	1.49437638044429	23	0.58962889296092	NA	237324747	237422159	0.367018992191943	5	NA
2	5	1776	213	-0.0573561294513698	-0.00883591422256613	9	-0.0696101805103734	-0.00646754756222939	237493249	242119001	1	2	1
3	6	29232	1912	0.209427476844588	0.12352543567398	16	0.222128024178846	0.133899854390063	197748	198215400	0.419415786791272	3	1
4	7	18573	1253	0.225919372274152	0.196380286469704	17	0.222128024178846	0.185447596595818	16800	190082008	0.433979675263639	3	1
5	8	23238	1560	-0.054155434779502	-0.00461977472175505	9	-0.0696101805103734	-0.00646754756222939	15100	181281900	1	2	1
6	9	26002	1915	-0.0522814484017741	0.488853594914739	10	-0.0696101805103734	0.488853594914739	106000	170739785	0.336200982485858	2	0
7	10	16915	1242	-0.297255360082238	0.0668484304479963	5	-0.299446692796028	0.0670399369788761	19878	100951675	0.302649816740659	1	0
7	11	158	36	-0.185528273191075	0.0125238429120367	6	-0.184278801558021	0.0125238429120367	100951782	101032271	0.105875254170403	1	0
7	12	51	1	0.573540718177544	0.131849694779014	23	0.58962889296092	NA	101032508	101042569	0.367018992191943	5	NA
7	13	10581	839	-0.302097997887459	0.0672819035653032	5	-0.299446692796028	0.0670399369788761	101042714	159144669	0.302649816740659	1	0
8	14	18119	1373	-0.115511005248676	-0.000589819210605454	8	-0.115511005248676	-0.000589819210605454	166659	145054127	1	2	1
9	15	2308	145	-0.0791330466816612	0.0214208364528961	12	-0.0696101805103734	0.0302094283518877	12000	21305073	1	2	1
9	16	86	0	0.514077332238868	0	20	0.53061786729459	NA	21305258	21970500	0.441637645242661	4	NA
9	17	13	0	1.84722101919059	0	26	1.84722101919059	NA	21970795	21974634	0.441637645242661	15	NA
9	18	22	0	0.531092099711342	0	20	0.53061786729459	NA	21994123	22748200	0.441637645242661	4	NA
9	19	9337	775	-0.0918209919290666	-0.00694818681116844	9	-0.0696101805103734	-0.00646754756222939	23682000	101371259	1	2	1
9	20	472	7	0.597632236615377	0.746844847919295	23	0.58962889296092	NA	101371346	106600950	0.367018992191943	5	NA
9	21	9651	797	-0.07113279860365	0.00115001080057829	11	-0.0696101805103734	-0.00251058682377792	106601122	137101727	1	2	1
9	22	11	6	1.10907280498827	0.0274325836902637	24	1.10907280498827	NA	137101907	137103900	0.441637645242661	8	NA
9	23	811	63	-0.0714941755533643	0.0402503385482284	12	-0.0696101805103734	0.0302094283518877	137104200	138233749	1	2	1
10	24	22197	1819	-0.0844259418652428	-0.00885776297243718	9	-0.0696101805103734	-0.00646754756222939	47087	133689400	1	2	1
11	25	27500	2058	0.581238586804117	0.0016414310034279	21	0.58962889296092	0.0016414310034279	130715	134986767	0.37390431800804	5	2
12	26	27805	1981	0.217373546847719	0.143941227794627	16	0.222128024178846	0.133899854390063	12194	133234500	0.419415786791272	3	1
13	27	9069	109	0.53078449733121	0.769487749838315	19	0.53061786729459	0.769487749838315	18173470	114326281	0.441637645242661	4	1
14	28	16478	1313	0.232245342077331	0.187131041642967	17	0.222128024178846	0.185447596595818	16028200	106874947	0.433979675263639	3	1
15	29	18951	1434	0.220447935047764	0.162174096831882	17	0.222128024178846	0.185447596595818	19878500	101977900	0.433979675263639	3	1
16	30	5433	37	0.236836041214923	0.456451096495029	18	0.222128024178846	NA	11730	15094256	0.441637645242661	3	0
16	31	15	2	1.22618953354753	2.12641522304125	25	1.22618953354753	NA	15104482	15364115	0.441637645242661	9	NA
16	32	16102	845	0.234354261399321	0.201168122002407	17	0.222128024178846	0.185447596595818	15365300	90222574	0.433979675263639	3	1
17	33	22540	1803	-0.0593459722100926	-0.00335543909545374	11	-0.0696101805103734	-0.00251058682377792	65300	53954900	1	2	1
17	34	11155	827	-0.809680373986689	0.684746288730849	1	-0.810885121159785	0.684746288730849	54754100	83240355	0.40477324320654	0	0
18	35	7912	602	0.210317354764807	0.196311309310004	17	0.222128024178846	0.185447596595818	47495	80247400	0.433979675263639	3	1
19	36	13318	1242	0.0432294870509515	0.0175132166317772	14	0.0495516300197485	0.0102125861339041	60804	18939006	0.167761634333927	3	1
19	37	648	27	-0.410663070568265	0.621517321856512	4	-0.408711333056708	0.52312604942784	18994384	19794533	0.441637645242661	1	0
19	38	2111	158	0.0931244597585147	0.0307199677760853	15	0.0931244597585147	0.0307199677760853	19794702	34742118	0.216247033228835	3	1
19	39	470	28	-0.406059080264789	0.445207366818876	4	-0.408711333056708	0.52312604942784	34759070	35525014	0.441637645242661	1	0
19	40	16301	1511	0.0542911298011746	0.00431006288577895	14	0.0495516300197485	0.0102125861339041	35526612	58599200	0.167761634333927	3	1
20	41	13508	1046	-0.0750509552137711	-0.000489825648486233	11	-0.0696101805103734	-0.00251058682377792	87625	64328010	1	2	1
21	42	5594	570	-0.0400630868281707	-0.00236056697108381	11	-0.0696101805103734	-0.00251058682377792	5032100	46681100	1	2	1
22	43	12914	1144	-0.0812531866246383	-0.00540211064062407	11	-0.0696101805103734	-0.00251058682377792	10685600	50799153	1	2	1
23	44	16583	15	-0.0799189543857307	0.00952559134118537	13	-0.0696101805103734	NA	284100	153964761	1	1	NA
23	45	700	0	-0.830087596653344	0	2	-0.810885121159785	NA	153970625	155264291	0.414541656706309	0	NA
23	46	19	0	-0.16066749295719	0	7	-0.184278801558021	NA	155278046	155545271	1	1	NA
