chrom	seg	num.mark	nhet	cnlr.median	mafR	segclust	cnlr.median.clust	mafR.clust	start	end	cf.em	tcn.em	lcn.em
1	1	5039	421	-0.624138214942112	1.69487041787681	6	-0.588933575878632	1.74029707329269	13200	16410051	0.591739075087831	2	0
1	2	250	55	-0.651702891426176	0.216673065231074	4	-0.651702891426176	0.216673065231074	16410243	16946949	0.236483473899508	2	0
1	3	5128	342	-0.602043999932255	1.78441636994202	6	-0.588933575878632	1.74029707329269	16947042	33375576	0.591739075087831	2	0
1	4	23185	1356	0.473739877946196	0.275715587551586	28	0.477494522978501	0.273237239048171	33479327	201209063	0.613060678313666	6	2
1	5	13	4	-0.237365583520569	0.180689240985919	16	-0.226486770783536	NA	201209200	201211600	0.587158534500071	3	NA
1	6	7749	538	0.491209062340162	0.266137291831369	28	0.477494522978501	0.273237239048171	201211883	248937046	0.613060678313666	6	2
2	7	27279	1797	0.071156210448155	-0.000970666181659655	20	0.0632696037619304	0.00116840176336128	41614	237257536	0.569611274145947	4	2
2	8	107	14	-0.561627697684194	1.30986721251617	7	-0.588933575878632	NA	237324648	237422229	NA	2	NA
2	9	1468	160	0.0583229873333291	-0.0104393062733652	22	0.0632696037619304	-0.00392307462716798	237493319	242095100	0.562574316275905	4	2
3	10	23410	1416	-0.215183650784563	0.12734461616671	12	-0.226486770783536	0.143209815912496	197715	198177136	0.561937137265011	3	1
4	11	13919	897	-0.2369341352421	0.216416581597565	13	-0.226486770783536	0.197130034676426	16700	190068625	0.538467531260356	3	1
5	12	17408	1072	0.0520493867365363	-0.00249613158277243	22	0.0632696037619304	-0.00392307462716798	140455	181260906	0.562574316275905	4	2
6	13	19778	1491	0.044674831498685	0.522764782710884	21	0.0632696037619304	0.522764782710884	105900	170583875	0.540993786540531	4	1
7	14	12121	857	0.295305602577264	0.0761452288149335	26	0.296339913949284	0.0727912168935314	31496	100893605	0.55743618677035	5	2
7	15	147	38	0.178816549760752	0.00813973393544716	25	0.178816549760752	0.00813973393544716	100893740	101032238	0.596929712068023	4	2
7	16	52	1	-0.532926902233732	0.131849694779014	9	-0.534889808890619	NA	101032583	101042661	0.144354823695235	3	NA
7	17	7895	656	0.298626252287533	0.0686152015318988	26	0.296339913949284	0.0727912168935314	101042997	159144669	0.55743618677035	5	2
8	18	13321	939	0.116744655798467	-0.0022394857655817	24	0.116744655798467	-0.0022394857655817	166699	145054125	0.613060678313666	4	2
9	19	1633	90	0.0710302219699737	0.0167886448226368	20	0.0632696037619304	0.00116840176336128	12114	21304953	0.569611274145947	4	2
9	20	73	2	-0.55745004253569	1.98072734023519	7	-0.588933575878632	NA	21305264	21970457	NA	2	NA
9	21	18	0	-1.8890293750327	0	1	-1.8890293750327	NA	21970707	21974705	0.598207573695326	0	0
9	22	19	0	-0.557311234582323	0	7	-0.588933575878632	NA	21994099	22451952	NA	2	NA
9	23	7259	607	0.083534121319093	-0.000737205363269571	20	0.0632696037619304	0.00116840176336128	23692505	101368227	0.569611274145947	4	2
9	24	389	52	-0.577937854686319	1.8700853340722	6	-0.588933575878632	1.74029707329269	101371346	105774112	0.591739075087831	2	0
9	25	7925	634	0.0671768896000779	0.00259632242750585	20	0.0632696037619304	0.00116840176336128	106600985	137101598	0.569611274145947	4	2
9	26	12	7	-1.10164655822286	0.0238292145846516	3	-1.11328702505373	NA	137101892	137104100	NA	2	NA
9	27	685	50	0.0771079363589037	0.0350669148149675	20	0.0632696037619304	0.00116840176336128	137105839	138233884	0.569611274145947	4	2
10	28	16942	1298	0.0773312868472774	-0.00797056782088632	22	0.0632696037619304	-0.00392307462716798	47165	133689400	0.562574316275905	4	2
11	29	24539	1786	-0.579424813482274	-2.62199226681951e-05	5	-0.588933575878632	-2.62199226681951e-05	130675	134986767	1	2	1
12	30	22499	1544	-0.223391895830872	0.158272598641005	12	-0.226486770783536	0.143209815912496	12194	133234532	0.561937137265011	3	1
13	31	7399	437	-0.534889808890619	1.86799841158652	8	-0.534889808890619	1.86799841158652	18173470	114326263	0.59735596699531	2	0
14	32	13480	1060	-0.237764838435901	0.1932268256826	13	-0.226486770783536	0.197130034676426	16047800	106874947	0.538467531260356	3	1
15	33	219	36	-0.243036840787819	0.0538541063127148	15	-0.226486770783536	0.0538541063127148	19878700	22434249	0.258559705222897	4	2
15	34	15054	1076	-0.223685989044093	0.18128095515167	13	-0.226486770783536	0.197130034676426	22435200	101652407	0.538467531260356	3	1
15	35	154	15	-0.362577980086543	0.0242713051886244	10	-0.362577980086543	0.0242713051886244	101654678	101977800	0.340571941193204	3	1
16	36	11	1	-1.43692719052949	2.80561322420349	2	-1.43692719052949	NA	11671	17570	0.613060678313666	1	0
16	37	4818	383	-0.234143534274564	2.55629783988145	14	-0.226486770783536	2.57577452655073	17755	15094209	0.588179768523965	3	0
16	38	17	2	-1.13290004906099	3.33049093751533	3	-1.11328702505373	NA	15104500	15364115	NA	2	NA
16	39	4976	243	-0.235702513476521	2.61097474695786	14	-0.226486770783536	2.57577452655073	15365234	33859076	0.588179768523965	3	0
16	40	8782	673	-0.236441055357618	0.197894157880015	13	-0.226486770783536	0.197130034676426	33859100	90171503	0.538467531260356	3	1
17	41	18587	1408	0.0600293860806537	-0.00303280914819112	22	0.0632696037619304	-0.00392307462716798	137500	53954900	0.562574316275905	4	2
17	42	8135	701	0.814623137717289	0.735717509876511	29	0.814711308429331	0.735717509876511	54901000	83240297	0.613060678313666	7	2
18	43	6127	430	-0.218509699051983	0.214132651059257	13	-0.226486770783536	0.197130034676426	47474	80247400	0.538467531260356	3	1
19	44	11550	1023	-0.0440212188057749	0.0193522478202815	18	-0.0499242094286937	0.0117528566026897	107600	18939011	0.29710940692114	5	2
19	45	523	21	0.415617536966612	0.58556453788591	27	0.414536588416069	0.496202187752389	18994280	19786774	0.613060678313666	5	1
19	46	1648	130	-0.0959267460572669	0.029695191045307	17	-0.0959267460572669	0.029695191045307	19794643	34742046	0.263815541462058	5	2
19	47	390	23	0.412675509432372	0.428549115814929	27	0.414536588416069	0.496202187752389	34759047	35526742	0.613060678313666	5	2
19	48	14056	1279	-0.0555738581579272	0.00567678784952923	18	-0.0499242094286937	0.0117528566026897	35527031	58599026	0.29710940692114	5	2
20	49	10935	809	0.0741335396301643	-0.00198020785374503	22	0.0632696037619304	-0.00392307462716798	87699	64327932	0.562574316275905	4	2
21	50	29	0	0.0128341293947056	0	19	0.0128341293947056	NA	5032100	8214700	0.53102442061056	4	NA
21	51	132	19	-0.281940820791546	0.0225602600040539	11	-0.281940820791546	0.0225602600040539	8219900	13544400	0.222101801708289	4	2
21	52	4107	386	0.0387437941522584	-0.00599628358122229	22	0.0632696037619304	-0.00392307462716798	13544790	46681000	0.562574316275905	4	2
22	53	10514	910	0.0807439836965071	-0.00176235426979331	22	0.0632696037619304	-0.00392307462716798	10685600	50799000	0.562574316275905	4	2
23	54	10216	10	0.0335328229177525	-0.00335817311499279	23	0.0632696037619304	NA	284100	153964761	0.525714631113148	2	NA
23	55	498	0	0.8154561271514	0	30	0.814711308429331	NA	153970625	155524481	0.613060678313666	4	NA
